400 1512413065207
12341 1012413065207
0 1512413067858
425 1512413083296
400 1012413909902
425 1512413947543
400 1512413972630
350 1512414040270
400 1512414112238
400 1512414223638
300 1512414797155
5507 1012415070613
400 1512415249449
1339 1512415347944
5504 1512423928716
5503 1512424218576
5500 1512424614459
3325 1512424728699
5500 1512425273252
0 1512567369160
0 1512567788233
400 1512567933976
5500 1512568027003
75 1512568522764
1550 1512568634146
375 1512568805706
2844 1512569455698
9306 1512569550570
1154 1512569891600
3126 1512569939145
2471 1512569975936
301 1512570599266
881 1512571301259
951 1512571388205
461 1512571392202
30 1512571396714
375 1512571405752
771 1512571449141
98 1512571450129
184 1512571472865
494 1512571475374
12 1512571476375
82 1512571477378
312 1512571478381
223 1512571479384
77 1512571481389
450 1512571482891
1070 1512571685218
436 1512571688723
103 1512571692234
470 1512571694241
26 1512571697749
205 1512571701259
347 1512571768838
-938 1512571770803
485 1512571894615
7753 1512572712295
1151 1512573002922
694 1512573032709
1177 1512573120277
-471 1512573187083
-3413 1512573224309
280 1512573246138
371 1512573273150
2997 1512573409608
6398 1512585378016
-7 1512585400558
-2000 1512586896223
8402 1512587194943
8399 1512589743407
6400 1512590001540
-6 1512593999578
-2005 1512594096277
-2 1512594109318
0 1512594121517
-6 1512594149118
-7 1512594172082
2050 1512594222014
7393 1512594304576
5247 1512597351193
200 1512600416910
5271 1512841171844
6399 1514633469232
370 1514633517592
2797 1514633566746
4125 1514633631642
4874 1524054699282
6391 1524055042987
4745 1524056511465